432832280199: 3 286 4 3 17 682 7 7 9 2
6606690226623: 605 42 3 47 26 6 622
4920367: 8 8 896 6 4 955 9 44 6 9
221825533: 124 5 714 905 66 5 33
1454747930: 632 499 1 23 3
702832: 69 7 4 927 908
2378257360: 35 802 27 897 74
36705240: 8 8 92 9 1 230 22 62
30034422624: 8 7 8 96 9 99 2 310 314
21776455040: 1 530 181 9 6 16 4 227
17354: 3 4 49 63 6 5
735393206: 2 44 647 39 3 204
1093907608: 6 54 66 45 18 709 4 4
11174: 15 8 9 79 74
7621599: 18 679 374 78 4 87
883869: 755 226 1 9 69
887022: 69 812 6 10 22
47579515: 988 9 8 891 6 9 7 85 8 6
16995: 2 4 24 88 94 5
135322472248: 6 89 4 5 69 631 9 566 5
254597011: 751 9 356 941 41 10
4515529: 29 2 21 1 926 4 291 62
97745351289: 8 6 1 479 2 54 5 3 536 9
1775421281: 9 494 27 3 493 5 6 42
56481955: 35 2 6 341 1 81 945 9
27440: 836 454 82 2 10
3752: 16 1 723 4 5 4 8 5 1 9 6
440254803958: 536 1 976 8 61 7 6 2 60
496630: 1 85 2 32 94 7 44 2
3755: 8 5 627 84 5
8640: 57 677 7 339 8
926112: 3 7 7 5 7 5 1 6 4 3 96 11
1767658122089: 2 6 37 9 814 6 915 92
34703414070: 33 7 5 4 4 6 341 3 9 1 7 1
1975962: 5 30 19 38 2 962 14
3087257: 344 4 92 191 846 7
523063: 602 867 476 32 621
477001448: 887 97 924 6 645 587
37524240957: 1 9 5 2 5 312 844 1 94 8
408480981: 3 694 876 2 138 98 1
111455358: 3 2 1 4 4 4 1 750 803 58
12208: 7 2 872
18118: 6 6 1 848 21 53 5
1923921133205: 22 6 9 9 3 8 899 2 6 2 5 4
7316806: 6 47 366 74 1 9 6 802 6
88262640: 9 3 1 7 338 32 8 5 4 6 5 8
3436366: 5 5 843 7 163
808033608: 9 48 886 100 2 1 8
6090016667019: 600 145 23 76 5 70 19
1312964: 2 2 5 2 90 9 9 9 2 7 2 23
709338840840: 848 683 14 7 20 729 6
63693345: 40 1 2 3 9 8 5 46 2 682
1569184217: 156 918 4 216 4
670379: 4 748 14 5 5 8 1 2 1 9 1
15343813: 852 34 18 2 105 62 6
98348: 7 12 3 1 46 9 3 6 2 5 8 4
222952654: 1 636 35 26 52
11582: 3 8 108 87 97
432735: 2 40 55 99 2 7 5 261 85
10026: 23 9 313 10
100398210: 75 3 5 3 2 1 9 7 2 4 921 5
71205: 83 43 12 47 56 78 7
15251108: 79 27 4 82 66 1 87 6
26498477535: 943 281 1 7 718 28 7 5
301625289: 4 4 1 2 2 4 4 50 9 909 69
382453972: 3 2 460 2 7 4 6 6 1 7 97 3
372227: 6 1 664 16 59 5 92
4803730: 17 463 358 6 143
886: 3 295 46 99 2
883866816720: 9 120 92 4 5 7 706 8 90
10138: 122 75 78 813 97
114252: 27 1 56 3 4
136239649003: 650 930 299 350 2
848541256: 8 485 412 57
42556158: 1 6 5 9 1 8 2 7 802 6 20 1
8742867: 9 37 84 7 43 8 39
33930067: 33 9 2 92 99 685 84
5488712358: 767 976 67 114 47
105178767: 4 6 234 2 661 612 447
1637496039: 2 133 5 180 76 4 9
17387600: 8 8 330 59 42 850
1666608: 33 6 3 5 8 4 62 2 4 31 9
58568068: 5 9 3 7 270 8 4 5 2 5 604
292643: 57 4 8 47 547
197450: 4 853 15 37 57
179947246: 4 1 5 97 2 267 2 7 247
4048683: 7 4 4 92 685
884: 49 81 85 19 61 73 516
1461525800: 2 1 9 558 2 978 13 5 4 2
103608237: 719 16 8 9 240
177642816: 139 7 2 9 6 9 9 3 97 5 14
2032: 78 254 7 6 1
2606: 64 49 7 872 595
13150264803: 460 1 763 1 93 1 6 9 67
3216407038: 71 3 63 28 80 308
491918366: 680 574 8 7 1 5 7 7 6 5 7
6666003: 50 4 66 5 101
3643643828708: 7 8 781 1 1 46 5 93 6 5 7
5616: 8 50 39 8 19 12 24
1160101302304: 7 16 7 4 5 90 651 2 304
69358342: 228 78 19 39 1
2243865: 66 382 89
13885270: 20 740 261 1 2 7 5
1964: 76 571 2 320 906 89
1201365316: 4 547 65 18 8 502 59
11183474: 7 6 3 2 1 2 5 861 5 37 9 2
9805064356: 59 7 9 23 9 981 6 43 56
5379004: 6 3 9 48 5 70 44 5 3
6780200: 699 6 9 7 17 7 52 4 35 5
644944896: 93 2 692 844 49
1126: 196 20 91 332 480 7
58697192: 5 1 11 22 8 386 9 54 2
2662543: 261 8 44 2 2 32 3
1237124456: 26 30 71 1 387 12 67 8
118982845659: 894 6 7 55 5 38 6 59
414521: 8 9 806 475 680 7 212
793530: 3 70 6 35 30
5482277663235: 99 3 826 723 2 582 9
298419548: 70 609 1 1 22 7 800 2 4
1093820: 546 84 2 68 2
5528901894428: 42 53 650 94 7 2 428
46926668: 69 68 6 6 70
18167353: 9 3 58 31 4 3 91 2 7 96 5
64812892992: 9 251 7 98 471 3 7
893878: 6 6 3 865 2 30 573
663008: 74 5 83 45 31 8
8656256818: 6 8 3 3 2 7 719 450 9 13
52533: 74 8 79 91 2 205 463
123918: 295 877 66 91 18 7 1
7409: 3 8 2 5 8 4 9 3 4 7 15 384
3780854221: 4 50 70 854 218
532715: 24 739 30 7 628
2393277: 1 3 6 19 225 47 2 19
22845915: 4 299 5 3 3 53 465
1800929500: 281 58 2 221 2 250
86801765409: 504 8 1 53 2 573 3 30 6
1158536: 5 23 8 42 8 5 21 7
1903048: 87 2 211 251 49
8946: 1 717 3 86 4
2945: 6 50 27 9
297145857377: 84 7 38 797 7 8 510 18
334655: 4 65 990 316 2 9
14667151140616: 90 5 3 797 81 5 4 617
29948: 50 33 3 9 97 2
138683011680: 354 577 5 8 943 2 9
27571975550: 5 8 694 6 763 37 4 8 8
9361: 7 2 661 92 15
69168942: 8 1 7 6 2 14 708 54 921
51333995121324: 6 4 166 6 8 939 8 1 322
266693441: 89 23 367 355 46
296253094: 46 2 895 4 32 18 2
315638681336: 76 23 46 51 641 4 93 9
28548444: 4 7 5 484 44
3280661850375: 129 2 39 6 19 125 651
35166: 17 197 935 8 894
85957393564: 5 8 9 3 20 6 89 206 7 9 3
31684500: 86 26 9 8 7 4 1 9 7 450 4
6623374: 65 48 8 67 371
19268534: 84 28 555 3 715
222: 38 9 80 58 34
78948746425: 823 7 571 3 28 2 3 8
269131: 7 47 816 667
4894: 7 940 65 34 4 708 1
107978313: 7 84 7 66 9 647 198
1464427: 21 2 315 71 9 61
170: 7 96 67
43236: 3 603 3 7 796
894: 5 6 3 4 848 9
9946270231369: 8 6 6 7 678 7 3 23 13 72
5200: 1 9 520
3398946: 854 796 5 5
30631535240: 859 38 112 7 935 240
143158780992: 1 85 21 356 24 1 21 6 7
2710503: 55 66 3 746 285
72913514: 728 383 750 4 8 9 2
1062919217: 4 36 9 310 3 7 8 838 1 8
4105307258: 873 1 1 95 5 495 7
4958819785716: 495 881 978 1 4 718
150073: 5 95 6 312 1
3041636: 703 115 4 754 7 1 754
102821262: 962 66 2 12 62
6557: 43 293 16 949 232
4320016095: 3 8 5 7 9 52 2 2 81 3 21 3
6455: 1 1 58 12 7 9
319102: 3 31 964 14 7
10428: 25 93 1 4 53
106990505: 2 1 1 483 4 726 1 3 37 8
130510: 16 80 135 90 7
37568316247: 12 546 7 56 640 819 5
12974091: 11 91 8 7 162
296259769479: 6 85 786 5 3 2 4 8 2 6 3 1
9841: 87 89 32 47 2 32 31
66579240: 3 4 8 775 84 910
506160: 79 157 4 57 37
301415161: 39 61 8 34 2 5 88 76 71
38884404169: 9 7 2 4 440 396 7 4 9 92
339908: 1 8 6 345 678 2 45 3 7 2
44162: 3 9 3 2 2 5 7 577 254 56
79745325: 3 59 2 6 7 1 74 21 46 5
170532: 981 1 715 7 70 59